$ANSIBLE_VAULT;1.1;AES256
62313430623437656434663432613030363435356661393335373230336133653632303932343938
6261393333333034343064386332333233366465636462340a653539626634646135623539646361
64663863323635633038393035343237396431636661383831613562373937663538386439356538
3039303533613834660a626231306238643135633136363534376662313861366135393738386465
34663765356134663234353131656334653563323566343061656130396536303730363938373631
31383464643939313634336566313734323833306661313038356366353564363133646661636139
38313236313534366234313865663566653437643266323662343330616637326631663632343730
62633837356665363137363833353639363565366465326237303431393930663330633138343631
37356235616338663263363435633737643230393338633931653835313239363638623063633639
65353432316463363539643934633365343835613433656538353061613431343230313266643664
63623330383638623437393863383634313830316539396630386438626339353738343639643130
36343234343865346630653434333938643035643566613766346366386466353234643766626432
39313361333731653261656366336665626162363966653333373938383038623962376338306565
62626533636634646466333830396536653865643066363139643166346238653863396638336564
65313366396264323964383034336139623837303266663936356361656561393135393061363830
32333132663435356131396664376561653234626333353166393535636637663138336430663431
38346437363233616333313263356135613135363962666434636365306165366561346334626135
36366433336433643561623866303833393335643061323162663637626534316632663339346137
37313434326331666266353664306130383932303062663464653431643738346239353836666132
36366465316461356336363939303731663935643266303861303339396438316532646337356163
34303366393136623835356166633936323338313732616465353237313833666133343436323933
64363362303765326332633463346432363237646339623236313031653735336130616231303332
63313261626663656364613333353261396233373434626163383039613961326436303333343137
39376365396661623537636564366132316363623731353031616435666161376261613932636162
35656166333637356135653438633062343930323466356539383631313132656362353263373931
30356531616463396362643932623538303863346439393732663133356361656234663764336565
36323264623138663136643163346665346137653761383665326433613535616265653737316636
31646230613633663735393233333738386435643338383734623334333033656637636632363662
61383032366534343432646636623235666239616336386662386364323766343061613730616435
64343863656138336536623938653966303538396234373561636464633937663631666536363762
34303561623962356463643131333130333466646632616365333339623665303638623936666131
36366133323433353536323034386661633736383334323137613438626639653366653431633238
62336663343732396538386138633131636665616662666432643937636564623137306166373862
62376661656564626461333465613034393662313538633231663338653061396235643235346666
61316430383761363865383064396463626563626262636265313630303761636561386239666438
38393633643066333931663261343539613535323265396336356530343064616462363438643265
63633464373332333032363734303765386465373339393434386535346633663961613433303434
39363035346664323464666137666662393630346165626431613362333366323766643634666261
64343831363438333936373065616435353838326462653166303136323938323461646337633734
62666366656134333635623762396335626633666631373437356534383237616138393531346465
65393832363239356137313733653361623266306365343138306537643465313533366538383163
33626339633934313039393061323230636634383833323830333135396364313838393462636630
38376664386539396161353531643932656236636564616336343564616237393363613964373836
64636263633137353438326236303236396435613961343536353461393762666630613134646432
31656663383232656135666637653034656634313730333665343365613133623239393133646462
61666535353861353866393735376230343337326431663563613263636332336565363361636637
33393239623133386166316462393538323232336265323437303363633934333734653462343063
62393132306436353231343961656532623763656664343531633333353864353564303237656661
33363232613132666330653131356638366663363833343461366164663662333131366261306361
61663262333865353266393537633839343638366364383838306639633138666363306364323065
30353939303330343136343833633263333930386230346237333635373066653732346134353634
38656136356561303438386462313331343565663433646539323165386161396130616234643332
30313737396661356638373334373431643961326363616266336535626632633233663538343038
35653538323663326230396331356661653736336263323936613863616431383831326634373265
62653238343966633834373566613732326232323237666364633161303838636664313437366566
65633361333062323665303036373030313837326463353563323739303338383833646530346566
30623337346135343666393532326231613065383436636633623330376231643437316164323964
62353637373363316635383532393663613934363163663361326534333134353166343237623764
33313530313139333065336338383538383334623337333131373632633737376338343031383464
62363663343837626133393936323063663239663130643135393337623665363636306666363030
37323864393037663036613462383137396337643834396631376463326666316337363537326264
39623531323432653034336539383932386633643435346133346239376635616665663030363161
61313032333237363233656332313261663062373062313636383263663366663963653266633032
32376362363236623730643564353532313331393333363561623235383566343561396635663265
37646130313738366665636237383937363630643730396235343739353231613639663030623431
36363264386365326261373933663666666135376636633339336135326332323137643733656534
34356231646534333538666531643935363331336230633661396533333130633439356632343963
37633930343864643133666332373733343134663436363963343336663164616237303031636536
61613631363962633065613039623338363561613262376434613062616665303464623064633565
39306235323838653530613832326264383133633930363437353237666230313365393937646535
31653138316535653035373338626434383935336231393836646366386434663539366561633931
36316236356462636663666236373832653837363736343230623534623334303433393932633439
33666566356162393631303033316465636433663939356563313931356637636139303331643132
36656362363566363930656238646533323033313962366661626239363039623866646436353639
64643966373964323039323035663135303538636338316537393039306162643466643866643165
61326432646261393438326131333164653134666138616530353030306333363562346137653032
61376535366162363762623336313533613563393766383732313935373635333534623466626530
30636435393165353539393866633065653765303033336138343134653434343633343833626261
61356634356533636166353839376134343566306435363436346332323939353766393131343936
34643863393637613737626163313764653834343236343634623435663665366234636336366635
38376661613361376537646335633433393064663137643565346630633939313364346661303765
31303731396432356664363363313364326565663562393661316265343461313563343266383834
65383161613265316637373562316334333231373465373332653031303163343838386537356630
62346337333336303363656335333365626263363230343866323539363437393366396636373133
65396336333338303737306633373232343230333934396665633138313664646162396537383539
62366261373734356162366137336237343137366637633864653438353662336535613631663463
35323535376330346230613531336364613565656161616530323836626138373164363937366534
32396363336336333462303833363633333461316430346534636131646564613738646232336534
66346365636662363135393233323965303565303535396337616439313263613433653163343561
62386235396337316534623962373166366239373761303338333463663138303238343137656634
65306535653630343366373134643339306332333235653530346138653862336639316565396133
31376333616538333066333563666235376563383439613665633265636363393063663739643637
31313232386331303730343632333534626238386336386534356164386530653166613539643335
38353563616433633263373764653935633164313465363034363862646239366436326466383764
39633334333234643931383861323162373761356434626230356238343162613963643730653330
33383864646335343534376139363534313661343565393265323466373964646561643161353736
34303534316235333166636262386664653465336633386166373839323261663666643764386165
39336230306363346232353862393461626666663132636237386665613032636464623530613038
65356333613962656365353833366166666139323135646535616263393731323762633733653261
39646635633036346362616266623033373766663239626162613765333263313166616362666264
39653135353035323064306336313730663231633036333765643932646331353763323635653665
34633330353433343465303962326564303265616636333262616138616532636535623061623338
33363461613065366237613266633435333232366532343261656632383966323662613261653038
31393663393234303330323561393831323238666630373835303136346436323262313238626535
30326336663139613765363862656432353465623263363633353835613338363462383139386565
34383334643465393139306633353231653161643831393262356638633233303363363165303639
30373732306361636432623666383866613939353263343939613235323932616461373935326632
33333237633236303533633339613437626639383238666163613864616433363061656366376239
61346330626666343538626239623334623839363865366234323635306235363763616133383836
31656563323061633865306438336366626331393161303262323037373666333932303037373131
63653766363066343031396133396430346237323633326462373533316538653830333064636166
33393131643564646365616631663336393233313935373131386365376632623964396663303738
63353566363463323862386539313533313633393934336332663463643237653833636261613531
62326164316130356535316533353831623038333737333734653837363238323465303266353535
66386135323730366634653230363930303637636432333235346234386233643536313665626563
62646337353162363830663330663537333735366164353135346362333864336532336331396636
35383831663566363462666162343863393636353662356637363635626133333339316264343537
35666431303033313036613336396139336666353164336161643537363333643933376534343837
37646365336338383437363432333366636332333862653838393735373135376566333130633363
61626334313835373538393738376538313464336464383862656331613833396138313962393635
38343664623465346263613438616265633839393938646265663333633732363039336238663362
34393031333462363635623033363630373439393330363963303363393062633866613933346439
33323736306538363236653237636563626634373236306634393433613632623937663461633466
37363333386339626332313439323531666264383737383932333131376537616566356138363864
63613164613964656666303434663835303230303933326638306234376562326165376664303736
66386533333465336361663632663039366639626363643366346238666364393862623239613632
35313231376463663664613766613339313362333666366562336632396231336265346335393931
34656534303565366536373037653536326664303234633438353864646439353561303862313661
36633266623964376532633366343639353763633163313964393862636634633139343362663833
34376639333836653734336135326164303138623732323137353263353565393237626562626661
66663731643532653432383466643535323330343136656335343265306637386236613065633561
30336664393762383265366364363466653534356130666564346635336338306261626334643865
64353362356231613132343533646263643962643166373564643265383130656361336533373836
6236393766343834623661653632326663333436613065376639
